corpo_a_corpo   distanza    vita_max  velocity    salto   rigenerazione
30.             20.         150.      2.          50.     20.
15.             10.         100.      1.2         30.     10.
20.             7.          120.      1.          40.     8.
10.             13.         80.       1.1         35.     12.
15.             10.         100.      1.2         30.     10.
20.             7.          120.      1.          40.     8.
10.             13.         80.       1.1         35.     12.
20.             7.          120.      1.          40.     8.
10.             13.         80.       1.1         35.     12.
